Bank Transaction Risk & Anomaly Analyzer - Summary Report
=========================================================

Payment Type Statistics:
------------------------
Type                 Count            Mean             Max                  Sum
---------------------------------------------------------------------------
CASH_IN            812,292      158,693.35    1,915,267.90   128,905,336,545.31
CASH_OUT           204,338      112,234.92   10,000,000.00    22,933,859,421.14
DEBIT               23,409        4,126.90      225,775.49        96,606,534.63
PAYMENT            995,783       10,810.09      182,787.85    10,764,503,569.31
TRANSFER            20,244      394,059.91   10,000,000.00     7,977,348,742.63

Daily Customer Statistics (Grouped by Customer & Date):
------------------------------------------------------
Average Daily Amount per Customer: 83,014.06
Median Daily Amount per Customer:  22,183.62
Max Daily Amount (Single Cust):    10,000,000.00

Hourly Statistics (Aggregated by Hour 0-23):
--------------------------------------------
Hour           Mean Amount      Max Amount            Total Sum
------------------------------------------------------------
0                55,600.17   10,000,000.00     1,974,195,311.16
1                73,763.14   10,000,000.00     1,008,932,294.19
2               186,236.84   10,000,000.00       989,103,844.14
3               562,949.71   10,000,000.00       654,710,516.42
4               481,166.08   10,000,000.00       352,213,568.47
5               503,835.21   10,000,000.00       532,553,812.09
6               277,684.96   10,000,000.00       485,115,622.90
7               106,245.35   10,000,000.00       412,656,935.65
8               103,597.09   10,000,000.00       897,357,970.47
9                81,366.52   10,000,000.00     7,132,182,603.24
10               90,273.08   10,000,000.00    11,522,004,383.33
11               91,111.77   10,000,000.00    12,096,089,600.87
12               91,340.90   10,000,000.00    12,920,352,514.71
13               91,635.77   10,000,000.00    12,569,312,512.41
14               88,785.52   10,000,000.00    11,832,268,130.14
15               88,384.29   10,000,000.00    11,355,966,794.32
16               88,742.97   10,000,000.00    11,779,120,317.77
17               88,410.82   10,000,000.00    11,740,956,896.71
18               83,822.79   10,000,000.00    14,959,266,750.79
19               77,878.58   10,000,000.00    16,107,159,552.47
20               69,897.95   10,000,000.00    13,677,001,557.07
21               67,960.01   10,000,000.00     6,661,508,204.75
22               63,890.45   10,000,000.00     5,355,872,246.96
23               54,197.61   10,000,000.00     3,661,752,871.99

Customer Risk Summary:
Total Customers Scored: 2055102
  - Low: 1992164
  - Medium: 52313
  - High: 1592
  - Critical: 9033

Top 5 High Risk Customers:
  - Customer: C450627726, Risk Score: 43.83, Band: Critical
  - Customer: C455380648, Risk Score: 43.49, Band: Critical
  - Customer: C513932284, Risk Score: 43.45, Band: Critical
  - Customer: C570470570, Risk Score: 43.42, Band: Critical
  - Customer: C1844608283, Risk Score: 43.25, Band: Critical

Suspicious Transactions Summary:
Total Flagged Transactions: 283637
Average Amount of Flagged Transactions: 336,826.74

